Word: G
Means: 0.7081425, 0.579256, 0.69336525, 0.50737475, 0.6363800000000001, 0.46449999999999997, 0.5886785, 0.45357475, 0.5504322500000001, 0.4536105, 0.55148625, 0.483913, 0.47993975, 0.5012872500000001, 0.44567075, 0.48604125, 0.418281, 0.469817875, 0.55601075, 0.52867325, 0.505164, 0.539408, 0.558896, 0.52681125, 0.59599325, 0.5233935, 0.569724, 0.575376, 0.5319515, 0.5894045, 0.5983775, 0.5773297500000001, 0.645627, 0.5740325, 0.58791975, 0.6194775, 0.5649165, 0.62943275, 0.603896, 0.61686975, 0.6362305, 0.6074825
Stdevs: 0.16485399030758502, 0.13805902007716359, 0.12860134553307237, 0.20176715558018027, 0.13739385709460716, 0.25976747313831783, 0.16569068261975387, 0.30489261996794326, 0.2018962685595006, 0.33405721243074515, 0.20501138620635198, 0.29959374518281695, 0.2434341574325934, 0.34871489555736407, 0.2692506621253078, 0.3642795891009861, 0.2917874710172914, 0.3666270426542426, 0.23025115267952517, 0.28246682833844994, 0.25729253657785467, 0.33949635925686544, 0.21893651618829293, 0.3370412342294585, 0.19497187845494537, 0.31816187831196874, 0.24839523438128464, 0.25455009321415173, 0.2649734754907869, 0.30733390912762404, 0.214316569479979, 0.3047825361963018, 0.18477061712837353, 0.28566391566839516, 0.2613655508062415, 0.22367129274078365, 0.2714248480525196, 0.2701031943293464, 0.24078312790697498, 0.27504104179482625, 0.2195205986849526, 0.26431178801496286
n: 4
Word: V
Means: 0.7503495, 0.330291, 0.791085, 0.31107579999999996, 0.801517, 0.27071449, 0.7762435000000001, 0.25894885, 0.7476645, 0.2562962, 0.7524390000000001, 0.18060165, 0.740942, 0.119547, 0.7354305000000001, 0.0793145, 0.7275990000000001, 0.046370999999999996, 0.7153915, 0.2004245, 0.6693595, 0.14151615, 0.640092, 0.106133, 0.615769, 0.08007900000000001, 0.687419, 0.2297711, 0.6654519999999999, 0.2114157535, 0.6997905, 0.24259245000000002, 0.7227355, 0.26021905, 0.6705715, 0.2624552, 0.661848, 0.2562786, 0.6903565, 0.2786033, 0.712298, 0.29271565
Stdevs: 0.28673533530505096, 0.3805182005870415, 0.26367870449090125, 0.39562087006233626, 0.25100310833135114, 0.3756752403848305, 0.2635917303568152, 0.33754611941280704, 0.2794676918080156, 0.3070891211587932, 0.23409901362030552, 0.3412473991482499, 0.22615961868114304, 0.32868727352606764, 0.22059398120642368, 0.33694557362354527, 0.21543705145123018, 0.3529693203920137, 0.23844701321782158, 0.32955347933302115, 0.23991355268200248, 0.30189619966843734, 0.22917330778256004, 0.3023178474420589, 0.21764181039496988, 0.305687918361194, 0.24551171706865635, 0.31416881567338917, 0.28182165028258566, 0.2984446650983621, 0.3032689060627548, 0.31713251232537637, 0.31038240028149144, 0.3285203256150295, 0.25279562402165906, 0.3046580880450739, 0.2860006513593981, 0.3018998059130214, 0.3003542119107038, 0.3201068155790813, 0.3068178749975301, 0.3353289153897185
n: 2
Word: Y
Means: 0.4989733333333333, 0.465483, 0.569491, 0.4347183333333333, 0.6102416666666667, 0.362209, 0.636304, 0.30457066666666666, 0.6636943333333334, 0.26778366666666664, 0.5557063333333333, 0.28512266666666664, 0.55002, 0.23631633333333332, 0.5385546666666666, 0.264841, 0.532473, 0.283693, 0.5173566666666667, 0.284327, 0.526929, 0.2546773333333333, 0.5252423333333334, 0.32302766666666666, 0.524201, 0.36368233333333333, 0.48307133333333335, 0.289246, 0.49161666666666665, 0.25573066666666666, 0.49380133333333337, 0.32213966666666666, 0.495573, 0.36656466666666665, 0.45388133333333336, 0.300092, 0.442286, 0.23406333333333332, 0.43814166666666665, 0.20051746666666667, 0.436048, 0.1672705
Stdevs: 0.01683728723201372, 0.1453326207256994, 0.029783252827721825, 0.11956767794572805, 0.05516765517341967, 0.1010915288439145, 0.07020531476320008, 0.08887324491844176, 0.09378598959510599, 0.09421525956199096, 0.055099253101410825, 0.12841185555209977, 0.04395685813385668, 0.09922203058964946, 0.04061102461565494, 0.06650100790213634, 0.037416724228611975, 0.06487747279295024, 0.037558526612918836, 0.1309495847530644, 0.017593650360286255, 0.11614508418927308, 0.015725298608717502, 0.1067518827952619, 0.009482345015870267, 0.10276966727752568, 0.014759005194569647, 0.13351081487654848, 0.029098356213596226, 0.12052436308619655, 0.024626689126501237, 0.11390498415053371, 0.01474151701827188, 0.1133360905198928, 0.017654575960167757, 0.1314742234698498, 0.02632880265032954, 0.1192801443716989, 0.03359364880946002, 0.11135248488584945, 0.03832871888023393, 0.1090272791976852
n: 3
Word: A
Means: 0.4383803333333333, 0.6503223333333333, 0.524671, 0.597502, 0.5694393333333333, 0.5093633333333334, 0.5867613333333334, 0.427515, 0.6067066666666667, 0.362426, 0.5295556666666666, 0.426368, 0.527997, 0.35337966666666665, 0.5316906666666666, 0.39770266666666665, 0.529714, 0.42444766666666667, 0.47167666666666663, 0.43344466666666664, 0.47729366666666667, 0.37092600000000003, 0.48480233333333334, 0.461175, 0.475185, 0.507545, 0.415318, 0.44773, 0.414018, 0.3986846666666667, 0.43019233333333334, 0.4798153333333333, 0.42985466666666666, 0.5235806666666667, 0.36239733333333335, 0.4679773333333333, 0.36592, 0.42297533333333337, 0.3856196666666667, 0.47620733333333337, 0.385869, 0.5145126666666666
Stdevs: 0.13429509831834274, 0.042553933605876344, 0.16156634684240406, 0.024393258515417723, 0.179326145540279, 0.016851324646250655, 0.1793528877446174, 0.03613422316862508, 0.1769906784391012, 0.04699174234905532, 0.14303210452319204, 0.018371171954995148, 0.1494914772386707, 0.034649029168698706, 0.1554122590542115, 0.032409205178981694, 0.1504372061393058, 0.062298127293951094, 0.12755135268719547, 0.011765669778356603, 0.13882943950161772, 0.03344996364721493, 0.14305477891120358, 0.018252537713972804, 0.1368412952620663, 0.028951733264176098, 0.1121631647333473, 0.010694714722702984, 0.12488388648660805, 0.029342511520545275, 0.13338973291199488, 0.02593538236335323, 0.13110757499219233, 0.029712108816664855, 0.10048148494291541, 0.01529642603137521, 0.11714715676874107, 0.026536414119721095, 0.11912776988734967, 0.029869400936967806, 0.11010021131224047, 0.03449840996819031
n: 3
Word: E
Means: 0.4081226666666667, 0.5796453333333333, 0.49523100000000003, 0.5309483333333334, 0.534232, 0.47345233333333336, 0.5345176666666667, 0.43395333333333336, 0.4984403333333333, 0.42490266666666665, 0.48469466666666666, 0.33843666666666666, 0.49568233333333334, 0.2768933333333333, 0.5095303333333333, 0.29188933333333333, 0.515259, 0.31150833333333333, 0.434147, 0.3472306666666667, 0.4491043333333333, 0.2774783333333333, 0.483814, 0.348542, 0.48962733333333336, 0.408648, 0.382664, 0.371721, 0.39300133333333337, 0.30398633333333336, 0.43547166666666665, 0.372273, 0.44934399999999997, 0.4282186666666667, 0.33416633333333334, 0.4063136666666667, 0.3539733333333333, 0.35847966666666664, 0.391762, 0.3952583333333333, 0.40799766666666665, 0.4326506666666667
Stdevs: 0.06900599110463765, 0.16543383014466337, 0.06228335738381481, 0.14103511195916188, 0.08146048899926885, 0.1272742701033219, 0.08036501771500668, 0.10985876436740648, 0.06235164999687927, 0.09337540224991447, 0.1004810949996731, 0.06451190994175672, 0.08958824635147929, 0.07016765143806176, 0.06819463817876986, 0.10135646258790473, 0.06103605748244231, 0.13120107120878752, 0.10497856124466558, 0.07208767190951122, 0.0864271842497101, 0.0826525586193999, 0.06966725598155848, 0.09660264301249734, 0.0637866983181708, 0.10758206703721583, 0.10495536818571977, 0.08482260027256888, 0.07867525817773549, 0.09936256325363862, 0.06254819745071263, 0.10794164871355263, 0.05983509741781992, 0.11454961808025958, 0.10109336591652952, 0.09867995649742317, 0.08016384026063955, 0.10655034333278018, 0.06347693586650192, 0.10597638280453497, 0.05978174009957669, 0.10466820432840782
n: 3
Word: L
Means: 0.38663833333333336, 0.7068066666666667, 0.487205, 0.6669346666666667, 0.563962, 0.57662, 0.5924626666666667, 0.5198969999999999, 0.59256, 0.478124, 0.5068803333333334, 0.399277, 0.5271166666666667, 0.32248533333333335, 0.5252236666666666, 0.305342, 0.5143103333333333, 0.2800397, 0.41954933333333333, 0.39500599999999997, 0.440837, 0.36525566666666665, 0.45158733333333334, 0.47960933333333333, 0.44877066666666665, 0.5289683333333333, 0.33421866666666666, 0.4092783333333333, 0.34953833333333334, 0.3908373333333333, 0.37670333333333333, 0.5003373333333333, 0.383081, 0.547113, 0.2535736666666667, 0.440017, 0.266537, 0.41912066666666664, 0.303159, 0.48359599999999997, 0.323835, 0.5172603333333333
Stdevs: 0.07373493056437588, 0.1508186998894147, 0.05901616859810538, 0.16117495334366733, 0.06437811220438203, 0.16871927476136211, 0.10065885980545045, 0.16684380953754321, 0.1572682756025512, 0.16916621237410262, 0.0515455200025505, 0.09642073246454833, 0.009575214166447332, 0.1302950014479962, 0.013592622055119961, 0.20358311697436998, 0.023649243462177214, 0.25691128940350205, 0.061805185707457695, 0.09007913831182002, 0.02540203163134791, 0.11551125413713303, 0.00935283178151587, 0.148395336032954, 0.011847261047741506, 0.15796813812390564, 0.07599358204699483, 0.0945773355954445, 0.04088849674827058, 0.12566971861324963, 0.0179711296343144, 0.1656891078204398, 0.023131219509571917, 0.1753888672949341, 0.0937558005689959, 0.10709074625288593, 0.06946312081241383, 0.11984717595894084, 0.057057703660417305, 0.14112113183007002, 0.062363613365487416, 0.14938969901681087
n: 3
Word: R
Means: 0.53827325, 0.73448, 0.59630425, 0.689159, 0.60047825, 0.6031025, 0.562127, 0.538748, 0.505724, 0.499359, 0.5454829999999999, 0.4689615, 0.5279475, 0.389215, 0.508595, 0.34224575, 0.4887995, 0.30060975, 0.49202975, 0.47024225, 0.5003124999999999, 0.39897225, 0.5185825, 0.390923, 0.5287615, 0.38363525, 0.45022525, 0.5001329999999999, 0.4507005, 0.45750125, 0.49178625, 0.53592375, 0.51093375, 0.5920070000000001, 0.4147995, 0.54769025, 0.42228175, 0.52285375, 0.45642075, 0.57419725, 0.47373525, 0.617949
Stdevs: 0.08434105038226246, 0.23098519392232336, 0.06630330722457717, 0.22016001447280714, 0.06121541447693819, 0.19538403563324547, 0.04761393340189405, 0.1760382528599963, 0.06748841783595169, 0.16600749141128138, 0.05311693539729115, 0.18574542734524227, 0.02458460432194643, 0.16575460358212277, 0.027765377445060364, 0.19682432716236242, 0.05753654874657208, 0.23398788194459275, 0.053204051282930195, 0.17787224556850723, 0.029897209128389668, 0.1739257748051833, 0.05073630543309197, 0.2232174241033467, 0.0627795546469284, 0.25388351619246574, 0.07304341361763335, 0.17244183985525863, 0.08382025917600908, 0.16119738177645235, 0.0745780964688471, 0.17793226878670249, 0.06111089557722094, 0.1890066424882117, 0.09683947537204718, 0.17383224989890875, 0.10595130073253779, 0.1622393701651462, 0.09411146272151619, 0.1763637929855502, 0.08050578291599098, 0.1891098843300723
n: 4
Word: W
Means: 0.5110005, 0.6853065, 0.5862825, 0.6615145, 0.590794, 0.590658, 0.5154655, 0.533955, 0.42508050000000003, 0.49604249999999994, 0.5912805000000001, 0.43566299999999997, 0.6143755, 0.327528, 0.629453, 0.248778, 0.6342835, 0.16467749999999998, 0.5060495, 0.432048, 0.4822995, 0.308806, 0.45893399999999995, 0.2277635, 0.435191, 0.159424, 0.43442949999999997, 0.45566300000000004, 0.3924595, 0.38377649999999996, 0.39134, 0.3782305, 0.39533399999999996, 0.360206, 0.376886, 0.490765, 0.3515935, 0.44295949999999995, 0.36799, 0.475708, 0.39029349999999996, 0.506562
Stdevs: 0.033189470988552947, 0.3148711141284637, 0.004486592526628598, 0.244839258519748, 0.018872679989868947, 0.17657022011653042, 0.06897048833015469, 0.13166186844337277, 0.10760821706774999, 0.11212662939953201, 0.03853802668144804, 0.137242355160497, 0.0419491097938919, 0.07208670791484376, 0.055278779726039555, 0.032794198297869705, 0.06763971336796165, 0.00828517015516278, 0.07316504575615325, 0.14199128430294586, 0.07065481668294099, 0.08154921086068218, 0.06235974703284158, 0.053518790947666206, 0.05542585793652635, 0.02798304375867643, 0.09800287855211191, 0.16543470252640466, 0.10773125364767647, 0.0719276088890768, 0.13232089196343863, 0.02723421767739989, 0.14747843292495344, 0.10238623348868732, 0.12077100979953753, 0.20444154100377937, 0.13330730592319387, 0.1421037142811545, 0.11059150057757602, 0.14052191641164022, 0.08810338361550027, 0.16042980072916624
n: 2
Word: Q
Means: 0.555024, 0.225577, 0.614659, 0.323687, 0.592556, 0.423149, 0.561902, 0.501075, 0.563451, 0.59415, 0.453134, 0.419493, 0.438188, 0.538676, 0.426763, 0.60213, 0.413328, 0.644189, 0.404938, 0.395886, 0.429863, 0.49444, 0.478376, 0.488969, 0.503896, 0.469678, 0.377323, 0.378884, 0.407726, 0.462453, 0.454192, 0.44846, 0.478222, 0.426916, 0.363419, 0.365073, 0.385174, 0.432995, 0.423662, 0.431668, 0.435468, 0.422268
Stdevs: 0, 0, 0, 0, 0, 0, 0, 0, 0, 0, 0, 0, 0, 0, 0, 0, 0, 0, 0, 0, 0, 0, 0, 0, 0, 0, 0, 0, 0, 0, 0, 0, 0, 0, 0, 0, 0, 0, 0, 0, 0, 0
n: 1
Word: T
Means: 0.473312, 0.5579406666666666, 0.5796446666666667, 0.4950363333333333, 0.642283, 0.385081, 0.6382706666666667, 0.29284733333333335, 0.6172336666666667, 0.22773133333333334, 0.5825763333333334, 0.25047966666666666, 0.6033683333333333, 0.1562016, 0.623124, 0.16249476666666668, 0.6195916666666667, 0.179792, 0.5168303333333333, 0.25813933333333333, 0.5383616666666666, 0.182857, 0.565438, 0.2932246666666667, 0.554693, 0.3582556666666667, 0.44749666666666665, 0.280361, 0.472628, 0.236734, 0.5024076666666666, 0.3465356666666667, 0.492621, 0.400138, 0.380009, 0.310865, 0.413777, 0.280287, 0.4398053333333333, 0.353969, 0.427131, 0.3962866666666667
Stdevs: 0.07153595335913261, 0.257185923973948, 0.07945905345732063, 0.22455269231593133, 0.10781043992582538, 0.17679586446520743, 0.1057890603622763, 0.13647366872892855, 0.08931372952874228, 0.11721310244735157, 0.08327169819532526, 0.11746697702049427, 0.0919225223127245, 0.06922436117928428, 0.0923273409343083, 0.08340369488376001, 0.08161698508480528, 0.10513642423537144, 0.0752140572920603, 0.11406380824930111, 0.08113976337365875, 0.08465166551816922, 0.07366319768378236, 0.15326117001489103, 0.05856506092372823, 0.17801824909916775, 0.07211631799622976, 0.11969769392515463, 0.07621845529135317, 0.09751253047172963, 0.06731964862009703, 0.15019869413657808, 0.05805574680425699, 0.16400100806702375, 0.07717624343669494, 0.13412161519680563, 0.06387713972149972, 0.11283886235247144, 0.056507297602463126, 0.1451231729635209, 0.05363346460000509, 0.15641069838835622
n: 3
Word: I
Means: 0.4532113333333333, 0.5305236666666667, 0.520823, 0.5087243333333333, 0.5560366666666667, 0.45492099999999996, 0.5534726666666667, 0.40740233333333337, 0.5158976666666667, 0.38221166666666667, 0.5423763333333333, 0.368293, 0.5533546666666667, 0.3262116666666667, 0.5463033333333334, 0.37192733333333333, 0.5390626666666667, 0.401411, 0.4986256666666667, 0.36229733333333336, 0.505281, 0.326004, 0.5020983333333333, 0.3932043333333333, 0.493372, 0.43437899999999996, 0.45327333333333336, 0.36485966666666664, 0.4548063333333333, 0.32820499999999997, 0.464402, 0.395316, 0.4672576666666667, 0.4396, 0.4099233333333333, 0.37055933333333335, 0.39857166666666666, 0.30135333333333336, 0.40161166666666664, 0.26384566666666665, 0.406519, 0.22440966666666667
Stdevs: 0.058224279620561474, 0.13891628310005036, 0.06647794672671534, 0.11085225207605541, 0.05472045326322997, 0.09281145560759185, 0.06492319001199291, 0.0895355912603102, 0.08780296572060271, 0.0862860801829202, 0.04173788341942283, 0.09218218513899526, 0.050708304224587615, 0.06378873262052896, 0.05918192819884573, 0.05488022249711944, 0.06754148192284008, 0.06180090501764518, 0.040908644958411136, 0.10346754307672205, 0.056075136130017536, 0.0832092887182675, 0.06310648795752567, 0.09061440992653064, 0.06642274075194428, 0.11450956020787083, 0.03787646057029792, 0.11344306304192132, 0.04646985759966707, 0.10242758099262131, 0.05803741251985656, 0.11380200578636564, 0.06678783462827145, 0.13360307062713792, 0.032040740196402046, 0.12056136915833918, 0.024310641791884746, 0.11304283374161024, 0.02621826890420748, 0.09938657777252086, 0.030649303923580385, 0.09024818233257297
n: 3
Word: P
Means: None
Stdevs: None
n: 0
Word: H
Means: 0.772716, 0.660144, 0.767545, 0.564988, 0.672523, 0.496268, 0.559288, 0.491293, 0.475271, 0.532678, 0.556186, 0.438234, 0.410168, 0.413875, 0.326039, 0.392199, 0.240544, 0.375875, 0.544447, 0.499435, 0.39873, 0.472463, 0.301475, 0.45219, 0.197587, 0.43731, 0.538844, 0.57236, 0.449462, 0.582407, 0.566851, 0.606092, 0.638123, 0.620581, 0.543274, 0.636931, 0.487729, 0.652369, 0.565397, 0.671606, 0.621668, 0.671458
Stdevs: 0, 0, 0, 0, 0, 0, 0, 0, 0, 0, 0, 0, 0, 0, 0, 0, 0, 0, 0, 0, 0, 0, 0, 0, 0, 0, 0, 0, 0, 0, 0, 0, 0, 0, 0, 0, 0, 0, 0, 0, 0, 0
n: 1
Word: F
Means: 0.4541786, 0.656434, 0.5006954, 0.6325242, 0.5408454, 0.5765464, 0.5571838, 0.5317374, 0.5376864, 0.498519, 0.4931536, 0.461436, 0.50522, 0.4060228, 0.5070198, 0.4160456, 0.5027732, 0.4282042, 0.4457516, 0.452065, 0.460251, 0.354745, 0.469036, 0.2869252, 0.471102, 0.2254591, 0.4003972, 0.4699924, 0.3917892, 0.3884568, 0.383695, 0.3290382, 0.3760088, 0.279615, 0.3577452, 0.5107014, 0.3315854, 0.45329200000000003, 0.3143708, 0.4174154, 0.3040964, 0.38240999999999997
Stdevs: 0.04680710700630833, 0.1064268380672845, 0.07148948592135769, 0.07816591994405236, 0.08090260108488478, 0.05880786905508481, 0.07923181985919546, 0.04414074510925252, 0.06849704152954347, 0.029501033515794, 0.06508941127633588, 0.043840100461791834, 0.07360190121525395, 0.05058252537388777, 0.09115517447846833, 0.09444777248458536, 0.10888485248049885, 0.14562847951963243, 0.0482490125888603, 0.04281111795433519, 0.03339448266555421, 0.055025053457493325, 0.03472651451700848, 0.0765459407264683, 0.03988293821924357, 0.10333592184497123, 0.03301541962023199, 0.04044711875152543, 0.02329333637974603, 0.03365874596891571, 0.026607125709102803, 0.03962227428732481, 0.03467460992138195, 0.053079766860829374, 0.01938926261362201, 0.04532449139593297, 0.01912260772750412, 0.028069782409202968, 0.01881857209514048, 0.040266067268855545, 0.017968804392613325, 0.06239956727814705
n: 5
Word: O
Means: 0.38636950000000003, 0.5534045000000001, 0.457841, 0.48022299999999996, 0.4823925, 0.3942605, 0.505837, 0.3358895, 0.5217769999999999, 0.29598, 0.352555, 0.3335125, 0.390876, 0.2325795, 0.44634, 0.21034599999999998, 0.4739875, 0.2083375, 0.333423, 0.336129, 0.37725600000000004, 0.21650000000000003, 0.4538015, 0.214681, 0.492666, 0.24460349999999997, 0.3288675, 0.353758, 0.370973, 0.240287, 0.441041, 0.239287, 0.475467, 0.2631695, 0.340544, 0.3815205, 0.379205, 0.288792, 0.432508, 0.27257200000000004, 0.462357, 0.2772505
Stdevs: 0.06414236322821294, 0.12890768753065118, 0.04185223616486939, 0.08866270507941881, 0.009259563299637816, 0.060223577446877063, 0.02102087039111367, 0.048529445499613945, 0.027417358333727177, 0.04464389373699388, 0.10171023940587298, 0.09037885323735859, 0.10476352648703652, 0.05147666656359949, 0.08090008683555291, 0.04437095051945586, 0.06868905983124239, 0.04372253360110779, 0.08765154238232203, 0.11039916753309328, 0.06435661658291243, 0.06887644312825686, 0.03216558036939486, 0.06605225864419775, 0.02273913986939701, 0.06831429323721352, 0.058387928242916796, 0.1280329964423234, 0.04352666502271912, 0.09003873487560785, 0.018966018084985586, 0.09167356575371113, 0.013490183171476941, 0.09597348209010655, 0.018971674939235083, 0.13190582028288214, 0.009557255254517396, 0.1117907536784684, 0.005767162907357479, 0.10685373413222396, 0.002074651296001325, 0.10072241123255539
n: 2
Word: U
Means: 0.5080575, 0.6918285, 0.5886215, 0.6479915, 0.62471325, 0.5648305, 0.5807725, 0.513852, 0.51830725, 0.48969775, 0.58055875, 0.432412, 0.58207275, 0.3428865, 0.58037475, 0.273496, 0.5747075, 0.21021775, 0.514107, 0.43382750000000003, 0.523421, 0.33666725000000003, 0.5295635, 0.26176975, 0.53129475, 0.20035705, 0.45657025, 0.4619945, 0.46594425, 0.4200695, 0.5002405, 0.49910124999999994, 0.516859, 0.5524297499999999, 0.40710250000000003, 0.50375075, 0.4232355, 0.47233250000000004, 0.45630475, 0.52507175, 0.48037474999999996, 0.5675950000000001
Stdevs: 0.0246705640727298, 0.21029367090254206, 0.04015029707237545, 0.1657729953812341, 0.0309976268916939, 0.131784778909908, 0.015261579527252947, 0.11679671437444922, 0.01777673296521795, 0.12037376650077597, 0.031101168663733518, 0.13032099248905887, 0.03617555652071342, 0.10972601468961983, 0.03710923306829, 0.09477040411436471, 0.03814677131379101, 0.08504491927358153, 0.03784719921826008, 0.1432256098712797, 0.042240682404525616, 0.12177313422474052, 0.04879616560414009, 0.10732050192880203, 0.04940220933909062, 0.10433279814777006, 0.04655407394543109, 0.155965819085465, 0.026347451608267552, 0.15289291477915734, 0.01719596550550932, 0.17481387040196972, 0.01527888283437855, 0.1883128000400309, 0.050203308433475445, 0.16742978121265248, 0.03179641390157072, 0.1590651059084508, 0.02153737683462558, 0.1730486739569246, 0.019713242898704735, 0.18115334803604008
n: 4
Word: M
Means: 0.5042353333333334, 0.80996, 0.4536803333333333, 0.7400913333333333, 0.4133003333333333, 0.6583333333333333, 0.40986766666666663, 0.5956743333333333, 0.42348566666666665, 0.586446, 0.39224966666666666, 0.617467, 0.371264, 0.549858, 0.37428766666666663, 0.6068746666666667, 0.37077333333333334, 0.653025, 0.4114876666666667, 0.6263336666666667, 0.39010866666666666, 0.5527933333333334, 0.393293, 0.6139413333333333, 0.39010633333333333, 0.6591713333333333, 0.4391233333333333, 0.647048, 0.42312733333333336, 0.5771963333333333, 0.417933, 0.6363956666666667, 0.40959, 0.6791653333333334, 0.469224, 0.673022, 0.4626013333333333, 0.6267963333333333, 0.45294966666666664, 0.657403, 0.43943133333333334, 0.6843573333333333
Stdevs: 0.13561550763955182, 0.22367644020772506, 0.13134151428369223, 0.20237972790359543, 0.1185410615454971, 0.21196918948359766, 0.0776562297586828, 0.21842451682980402, 0.03805677976830585, 0.20912527047681254, 0.06771901967197495, 0.26566964041643903, 0.024533028369934273, 0.30518919784782683, 0.032747347561800075, 0.2644856758698537, 0.04221650784152252, 0.24398770200770364, 0.04518436267486057, 0.2914100875129983, 0.010128258208267247, 0.3418243776697814, 0.050014512603843285, 0.3011638911196582, 0.06890059703901945, 0.27862489357796677, 0.03295621158952182, 0.3014331452461723, 0.026763906372824824, 0.35578591523883196, 0.06147368240149601, 0.31434548072198104, 0.07919184141690355, 0.28793445448805416, 0.028870400049185313, 0.29941412226379704, 0.030259148076793807, 0.34818430174597664, 0.06191315022136519, 0.3277202908838572, 0.0784061800646692, 0.3081817508067818
n: 3
Word: B
Means: 0.46172525, 0.754946, 0.5384745, 0.72226025, 0.587205, 0.63539225, 0.53550425, 0.570381, 0.46077250000000003, 0.55974525, 0.5595870000000001, 0.49907674999999996, 0.5606105, 0.4146795, 0.55842775, 0.34894225, 0.55450925, 0.2851525, 0.496255, 0.489973, 0.49915125, 0.3914675, 0.49614099999999994, 0.321552, 0.48985125, 0.2518195, 0.43910125, 0.5015975, 0.43491199999999997, 0.414987, 0.4322025, 0.34893124999999997, 0.4286145, 0.28242225, 0.3765895, 0.5354065, 0.3711585, 0.459101, 0.37155475, 0.40769825000000004, 0.37254925, 0.351956
Stdevs: 0.015137919217977091, 0.12422004162238344, 0.026268144719412533, 0.10375697381662269, 0.04512326425101211, 0.07124316154960654, 0.034722835419696556, 0.06919691724828982, 0.04615468575345304, 0.0687812233552879, 0.03554210900701684, 0.06428173832110744, 0.054156683591839984, 0.05961385307963241, 0.06124762654108864, 0.06210124436421007, 0.06780090635763412, 0.06670740910623546, 0.029249283934254956, 0.06356660479109033, 0.04262683029403742, 0.06049528338914805, 0.04946578888484444, 0.06657674459348899, 0.054007197676945506, 0.07110230501889513, 0.0231571856432656, 0.0664250423735908, 0.034144850768454096, 0.0639504239860847, 0.03970309785142716, 0.06937371092075632, 0.04625327066273258, 0.07503744037201251, 0.018123215139704114, 0.072346963762598, 0.019901968637968122, 0.06621254590080845, 0.023561286062451402, 0.06924786768498122, 0.02831568184328253, 0.07279186184366125
n: 4
Word: N
Means: 0.471557, 0.517686, 0.545857, 0.430497, 0.57587, 0.322465, 0.566795, 0.265342, 0.541376, 0.278084, 0.531977, 0.249136, 0.521627, 0.177359, 0.519097, 0.272437, 0.512683, 0.320328, 0.463235, 0.248261, 0.454912, 0.172944, 0.472424, 0.27876, 0.476238, 0.329457, 0.398601, 0.26924, 0.391072, 0.19492, 0.411955, 0.288787, 0.424526, 0.338084, 0.33933, 0.306449, 0.33839, 0.262158, 0.369173, 0.329541, 0.392756, 0.376406
Stdevs: 0, 0, 0, 0, 0, 0, 0, 0, 0, 0, 0, 0, 0, 0, 0, 0, 0, 0, 0, 0, 0, 0, 0, 0, 0, 0, 0, 0, 0, 0, 0, 0, 0, 0, 0, 0, 0, 0, 0, 0, 0, 0
n: 1
Word: D
Means: 0.490857, 0.610927, 0.5080706666666667, 0.5944833333333334, 0.516288, 0.5825856666666667, 0.5077783333333333, 0.5765026666666667, 0.4958666666666667, 0.5748416666666667, 0.47984, 0.5267850000000001, 0.46172833333333335, 0.5074339999999999, 0.45405666666666666, 0.4893616666666667, 0.448747, 0.46915766666666664, 0.463385, 0.5445866666666667, 0.47123533333333334, 0.5464016666666667, 0.4847996666666667, 0.5811103333333333, 0.49107799999999996, 0.5987206666666667, 0.45089466666666667, 0.5700893333333333, 0.45818966666666666, 0.5694516666666667, 0.472526, 0.597855, 0.478549, 0.614113, 0.44179, 0.5980303333333333, 0.45175533333333334, 0.5934550000000001, 0.46084033333333335, 0.6118446666666667, 0.46365666666666666, 0.6241110000000001
Stdevs: 0.1136412590083373, 0.234057272709053, 0.058853608974584845, 0.24047778588745644, 0.04302016814239573, 0.2693540664187814, 0.047238386555145284, 0.2979778646079828, 0.05834332902169137, 0.32108140426741216, 0.031477730985571356, 0.3499471647820568, 0.012918130450391559, 0.3963160716511507, 0.004398278792133717, 0.4299002109261326, 0.0021965711916530437, 0.46070178228690767, 0.06828556836550456, 0.3575900574461395, 0.05150561022192955, 0.39259595029792826, 0.060131423742776434, 0.3602277831210876, 0.06614475245248105, 0.33355809004479764, 0.1013299589969982, 0.35067787459481004, 0.07768972055769884, 0.37836799213772476, 0.07138847926661557, 0.34539391902724637, 0.0689449735441243, 0.31786617215268437, 0.1304759779078126, 0.33832691512844987, 0.10495845393456084, 0.35967372322008745, 0.09606600075121964, 0.33906923901518005, 0.0929504284999985, 0.31885541590037325
n: 3
Word: K
Means: 0.4582815, 0.64737075, 0.545464, 0.57689875, 0.56974525, 0.4916335, 0.529917, 0.42316475, 0.48578699999999997, 0.36297375000000004, 0.5209469999999999, 0.38271750000000004, 0.53101, 0.2916325, 0.53472425, 0.22345525, 0.5373829999999999, 0.16433372499999999, 0.44786750000000003, 0.396636, 0.423777, 0.3019075, 0.40771625, 0.23208, 0.39413375, 0.1761457, 0.38375925, 0.43353600000000003, 0.370042, 0.398495, 0.4074075, 0.4693835, 0.427949, 0.5167435, 0.32640825, 0.480175, 0.32942275, 0.45587049999999996, 0.363313, 0.50255675, 0.38769575, 0.54289625
Stdevs: 0.04940677746692923, 0.08129514025399469, 0.0640740640196952, 0.06305670322482244, 0.0719246257613946, 0.07630146690376713, 0.052660918317097356, 0.11723544272495698, 0.03296828185797171, 0.15498754499932138, 0.04450210792760269, 0.07361329667254414, 0.024179188723638622, 0.08274806274670926, 0.020961503562085725, 0.09134044632901316, 0.02159858385789833, 0.09144624305333252, 0.02677325698652793, 0.07730625754318554, 0.033543247000452, 0.08196256317164968, 0.046436922898163695, 0.09259523793010811, 0.050679083472211034, 0.0947731656505504, 0.022232240588463698, 0.08467923766386501, 0.028362097230870166, 0.10575104887423102, 0.04691559005632705, 0.1186987260378139, 0.05706997727351922, 0.11517070873418005, 0.023168926106245553, 0.10075308261619924, 0.023520884710897548, 0.11323165184552712, 0.039809610422610275, 0.12048365688721714, 0.04702076454344401, 0.12245481190592987
n: 4
Word: X
Means: 0.5117825, 0.693901, 0.5779715000000001, 0.6178355, 0.608771, 0.48413150000000005, 0.581312, 0.393448, 0.5382325, 0.3433435, 0.5252355, 0.36702999999999997, 0.501547, 0.266881, 0.500777, 0.2388055, 0.50318, 0.22234399999999999, 0.4583085, 0.38803, 0.43831699999999996, 0.3314975, 0.4823115, 0.42327349999999997, 0.5032385, 0.465264, 0.396028, 0.42713900000000005, 0.366307, 0.4027805, 0.42266899999999996, 0.485517, 0.449174, 0.519108, 0.344257, 0.4827985, 0.32111500000000004, 0.458354, 0.37090500000000004, 0.506272, 0.3978315, 0.538653
Stdevs: 0.08918808541784046, 0.25325595053621147, 0.09479261376552499, 0.200676197393961, 0.10673069755229746, 0.12239099143523598, 0.09838683753429617, 0.06918615589841655, 0.07830995469606657, 0.07065905932362816, 0.0354847396002845, 0.09637158320791454, 0.005799689819292054, 0.04750909041436175, 0.025692017787632, 0.04483976231538252, 0.0444317617026379, 0.03150302131542307, 0.020123551885787964, 0.11992672430280081, 0.02307572269724179, 0.03808972098217576, 0.033807482315310056, 0.06914867923901367, 0.06361768999657251, 0.10022107252469414, 0.0004836610383316112, 0.157218121729017, 0.047113110616897304, 0.06511392794556324, 0.0032017795052127094, 0.0861623755011432, 0.03671156986564319, 0.1267404052463144, 0.015738782735650176, 0.20628355416877028, 0.04865036075919682, 0.13309163835493193, 0.01338694558142372, 0.13165762580268567, 0.016039303117654464, 0.1593564126353251
n: 2
Word: S
Means: 0.476392, 0.503153, 0.53973625, 0.46850725, 0.56670475, 0.39318025, 0.56277, 0.33974875, 0.52643675, 0.34017425, 0.5018445, 0.3217195, 0.52244625, 0.29133025, 0.528143, 0.33601525, 0.53069425, 0.3610215, 0.460328, 0.33293775000000003, 0.4856685, 0.30407675, 0.50335525, 0.363742, 0.50575925, 0.385623, 0.42496500000000004, 0.3544585, 0.451756, 0.32798375, 0.478149, 0.38513225, 0.485901, 0.40806275000000003, 0.39206675, 0.381081, 0.41668775, 0.35439750000000003, 0.44078799999999996, 0.386654, 0.4465205, 0.40439375
Stdevs: 0.016786096171137185, 0.21821988832368144, 0.08665201023009604, 0.20509376420452993, 0.13512611277710165, 0.13520279671756055, 0.12372573481966745, 0.06750067532686865, 0.09939057255888677, 0.02596482838219169, 0.1411990317731204, 0.03750253792745233, 0.15641236270485998, 0.07025140343734541, 0.1559939526285127, 0.05987429510441021, 0.14785928241941163, 0.060067530943652636, 0.09272414576940934, 0.03417705667427591, 0.09000738577287234, 0.061428982787036276, 0.07075420871992938, 0.0495972843409798, 0.05429588858207099, 0.07514116768234752, 0.06614827161763184, 0.04023835373123508, 0.03751790623155829, 0.05646162667024392, 0.023940340445922345, 0.07650678662870372, 0.0253354540384287, 0.1054076085342831, 0.08480600859756342, 0.05308466055274349, 0.07578415518376298, 0.05148846774764227, 0.06044329251455449, 0.06909136594876863, 0.06029663619970852, 0.08460423190114863
n: 4
Word: C
Means: 0.396907, 0.6362653333333333, 0.4401696666666667, 0.6242676666666667, 0.47107733333333335, 0.6005476666666667, 0.4984716666666667, 0.5930403333333334, 0.5273083333333334, 0.5868136666666667, 0.45169166666666666, 0.538969, 0.46634566666666666, 0.5084676666666667, 0.48779433333333333, 0.49728500000000003, 0.5076653333333333, 0.4940906666666667, 0.4383203333333333, 0.537596, 0.4545056666666667, 0.493779, 0.48635066666666665, 0.48299566666666666, 0.515458, 0.4803983333333333, 0.423182, 0.5412663333333334, 0.43631733333333333, 0.4957876666666667, 0.465063, 0.483352, 0.49052666666666667, 0.4810796666666667, 0.409835, 0.5496903333333333, 0.42429866666666666, 0.5147893333333333, 0.44562033333333334, 0.5007583333333333, 0.469117, 0.49234733333333336
Stdevs: 0.1538390392553204, 0.22904013851797536, 0.07510668572992242, 0.23292262116491247, 0.02056600129663842, 0.2595291459052978, 0.053876719075434926, 0.2770299774200138, 0.11468762674906714, 0.291456764591823, 0.04087067107759958, 0.3736057878071484, 0.02053133452392545, 0.4182592015967292, 0.04887095487437639, 0.43321284310255626, 0.07860904687332963, 0.4353679219066712, 0.06573939316979838, 0.3932169136278347, 0.023587165796961133, 0.4473671476941507, 0.04038915852469985, 0.45285378834380235, 0.08056419566407898, 0.4456861210766309, 0.09143170523948459, 0.39546485604454584, 0.048814228318527525, 0.44705534662425567, 0.019094330467445027, 0.45303462690946705, 0.047637496169859024, 0.44528624826546503, 0.11484263969449676, 0.38754710013149796, 0.07674703906557784, 0.43112786911232415, 0.041435645383333074, 0.4402156258214074, 0.021519962987886387, 0.441298072998663
n: 3
